1000
0.93
0.96
1.92
1.19
1.45
0.93
1.81
1.95
1.76
0.65
1.17
1.28
1.21
0.21
1.76
1.20
1.92
1.93
0.98
0.81
0.05
1.71
0.21
1.77
0.83
0.55
1.22
0.82
1.53
0.26
0.53
1.00
1.33
1.96
1.36
1.62
1.90
1.16
0.41
0.96
0.68
0.25
1.91
0.67
1.98
1.79
1.18
0.43
0.08
0.02
1.77
0.79
0.26
1.98
1.58
1.40
1.84
0.69
1.87
0.98
0.22
1.43
1.33
0.05
0.39
0.87
0.98
1.94
0.88
1.72
1.79
0.21
1.06
1.83
1.71
0.85
1.98
1.57
0.03
1.28
1.10
1.73
1.66
0.17
1.14
0.82
0.79
0.33
1.79
0.78
1.42
1.54
0.89
0.94
0.53
1.22
1.23
1.99
1.08
1.66
1.57
1.44
1.77
0.22
1.42
1.28
1.95
0.72
1.78
1.50
0.22
0.61
1.55
1.86
0.09
1.29
0.61
1.94
1.78
1.18
1.10
1.90
0.71
0.45
1.85
0.33
1.89
0.27
1.08
1.69
1.27
0.75
1.81
1.50
0.78
0.68
0.31
0.44
1.13
0.64
0.67
1.58
0.64
1.00
1.79
1.55
0.41
0.15
0.19
0.28
1.53
0.70
1.00
0.08
1.44
1.22
1.30
1.09
1.54
1.29
1.26
0.46
0.17
1.61
0.32
1.60
0.15
0.30
1.53
1.70
0.38
0.63
1.56
0.30
1.57
1.32
0.28
0.24
1.62
0.90
1.78
0.20
0.30
0.77
0.66
1.44
1.22
0.70
0.22
0.51
1.04
1.12
1.32
0.33
0.49
1.82
0.86
0.64
1.62
0.60
1.03
0.08
1.62
0.64
1.39
1.60
1.61
0.39
1.50
0.52
1.25
0.36
1.79
1.20
1.15
1.58
0.11
1.70
0.71
1.50
0.28
1.73
0.89
1.20
1.79
0.63
0.84
1.54
1.33
1.42
1.03
1.65
0.45
0.85
1.40
1.51
1.54
0.77
1.31
1.83
0.11
1.36
1.75
1.88
1.53
1.20
1.27
1.01
0.38
0.75
0.02
0.65
0.57
0.06
0.66
0.91
0.69
0.53
0.60
0.57
1.52
1.18
1.53
1.42
1.13
1.59
1.68
1.46
1.58
1.88
1.99
1.00
1.98
0.85
1.37
0.49
1.77
0.10
1.90
0.08
1.61
0.89
1.36
0.20
1.57
1.15
1.48
0.00
1.30
1.48
1.13
0.79
1.32
1.81
1.44
1.55
0.91
1.09
0.65
1.94
0.99
0.64
1.76
1.66
0.54
1.03
1.47
1.32
0.17
0.36
0.20
0.45
1.11
0.36
0.87
1.03
0.70
1.16
0.29
0.67
1.09
0.12
0.80
0.46
1.97
0.03
0.76
1.20
1.40
0.89
0.72
0.94
1.28
1.40
1.39
1.77
0.24
0.68
1.50
0.86
1.49
0.62
0.18
0.02
1.67
0.77
0.51
1.07
0.40
0.91
1.54
0.55
1.61
1.53
0.65
1.89
0.03
0.48
1.11
0.05
0.07
0.98
1.53
1.33
1.53
0.77
1.90
0.62
1.59
1.40
0.27
1.47
1.53
0.73
0.36
1.37
0.34
0.70
0.91
0.79
1.24
0.68
1.17
1.89
0.46
0.84
1.88
0.28
1.20
0.79
1.22
1.29
1.31
0.22
0.49
1.04
1.04
0.15
1.81
1.49
0.80
1.42
0.48
1.71
0.87
1.18
1.70
0.43
1.04
0.55
1.00
0.22
1.76
1.36
1.49
1.43
0.98
0.76
0.35
0.81
0.38
0.02
1.07
1.52
1.56
0.05
0.05
1.66
0.67
1.04
0.74
1.28
1.82
1.70
0.54
1.31
1.04
0.12
0.88
0.02
1.21
0.28
0.08
0.21
1.39
0.83
0.86
0.99
1.53
1.41
0.12
1.33
1.27
1.25
1.46
1.06
1.01
0.88
1.68
0.42
1.28
0.87
0.81
0.61
1.44
0.47
0.30
1.87
0.97
0.53
1.34
1.59
1.83
0.88
1.77
1.53
1.49
0.40
1.25
0.53
0.98
1.02
0.96
0.61
0.48
0.23
0.91
0.91
1.29
0.02
0.42
0.29
1.03
1.91
1.00
1.85
1.04
1.78
0.05
1.79
1.86
1.47
1.88
1.94
0.38
0.07
0.83
0.90
0.98
1.59
0.60
0.18
1.09
0.24
1.53
0.37
1.86
0.38
0.27
1.00
0.05
0.94
0.10
0.62
0.19
0.26
0.29
0.56
0.44
0.54
0.29
1.03
0.10
0.33
1.65
0.89
1.72
0.86
1.37
1.84
0.79
0.73
1.16
1.14
0.96
0.51
1.76
1.83
1.71
1.62
0.64
1.57
1.57
1.14
0.01
0.07
1.23
1.83
1.50
0.18
1.57
0.80
0.24
0.06
0.57
1.58
1.99
0.12
0.59
0.38
1.38
0.32
1.13
0.35
0.55
1.87
0.38
0.45
0.70
1.04
1.32
0.03
1.14
1.04
1.69
1.33
1.97
1.69
1.44
1.61
0.80
1.21
0.59
0.51
0.80
0.28
0.36
0.63
0.46
0.96
1.26
1.51
0.63
1.25
1.63
1.65
1.89
1.06
0.86
0.92
1.23
1.28
1.44
0.01
0.10
1.25
0.71
1.23
1.20
1.09
0.43
1.47
0.28
0.06
0.57
1.39
0.44
1.80
0.16
0.19
1.95
0.87
1.46
1.90
1.11
1.12
1.61
1.95
1.22
1.57
1.43
0.30
0.95
1.43
0.67
0.21
1.67
0.37
1.25
1.42
1.25
1.63
1.83
0.01
1.63
1.50
1.71
1.85
0.75
1.12
0.96
0.45
0.67
0.45
1.61
1.71
1.88
1.02
1.82
0.37
1.21
0.24
0.34
0.13
1.94
1.17
1.17
1.17
1.16
1.15
1.60
0.34
0.98
1.58
0.22
1.14
0.45
0.09
0.75
0.94
1.06
0.55
1.67
0.15
1.36
1.72
0.92
1.46
0.52
1.56
1.87
0.00
1.26
0.20
0.31
1.85
1.21
1.64
0.93
0.33
1.21
0.24
1.86
0.75
1.49
1.17
1.42
0.96
1.75
0.96
1.96
1.60
1.65
0.85
1.28
1.87
1.82
1.08
0.36
0.48
0.91
1.68
1.07
1.31
0.85
1.69
1.84
0.13
0.91
1.30
0.16
1.30
0.53
0.01
0.81
1.66
0.44
1.54
1.69
1.96
0.09
0.58
1.64
0.48
0.32
1.09
1.67
1.37
0.91
0.62
0.33
1.30
0.33
0.45
1.34
0.98
0.74
0.15
0.76
1.49
0.50
1.33
0.49
1.92
0.74
0.93
0.85
0.02
0.80
1.63
1.82
0.20
0.51
0.77
0.61
0.01
0.56
1.73
0.63
1.08
1.71
1.50
0.88
1.43
1.91
1.46
0.59
1.90
1.95
0.33
0.34
1.49
1.10
1.47
0.42
0.91
0.51
0.89
0.94
1.82
0.31
0.29
0.51
1.95
1.28
0.10
1.86
0.92
0.05
1.12
0.87
1.48
1.03
1.60
1.52
0.16
0.05
0.49
1.05
0.60
0.48
1.23
1.00
1.02
0.70
1.30
1.57
1.31
1.10
0.50
1.25
0.85
1.47
0.30
1.41
0.66
2.00
0.58
0.66
0.46
1.73
1.43
1.51
1.29
1.30
0.83
1.28
1.18
0.82
1.58
1.84
0.38
0.06
0.38
0.05
1.65
1.49
1.95
0.67
1.46
1.55
1.80
1.49
0.99
1.74
1.11
0.01
1.29
0.28
0.08
0.53
1.93
1.64
1.84
1.14
1.09
0.06
1.75
0.86
0.18
0.82
0.10
1.39
0.56
1.49
0.04
1.46
1.62
0.39
0.09
1.62
0.01
1.97
0.31
1.88
1.57
0.96
1.71
0.14
1.60
1.50
1.05
0.96
0.38
1.69
1.30
1.59
1.88
0.07
0.01
1.63
1.29
0.30
1.09
0.61
1.93
0.99
1.59
1.35
0.54
1.50
0.56
0.38
1.20
0.17
0.54
0.95
1.62
1.29
0.06
0.74
0.94
1.21
1.92
1.79
0.53
0.42
1.58
1.63
0.12
1.04
1.38
1.00
1.09
0.62
1.42
0.47
1.96
1.30
0.52
0.70
0.59
1.45
1.80
1.30
0.38
1.48
1.43
0.27
0.72
1.12
1.06
0.09
1.74
0.56
1.61
1.78
1.84
0.56
1.81
1.80
1.39
0.05
0.54
0.14
0.61
1.60
1.20
1.73
1.28
0.70
0.23
1.55
0.20
1.78
1.17
0.75
0.76
1.67
1.10
